Voltage [V]	Current [A]
1.500000E+0	7.730610E-3
1.450000E+0	6.974059E-3
1.400000E+0	6.205393E-3
1.350000E+0	5.443568E-3
1.300000E+0	4.697375E-3
1.250000E+0	3.971249E-3
1.200000E+0	3.268906E-3
1.150000E+0	2.595457E-3
1.100000E+0	1.956497E-3
1.050000E+0	1.361528E-3
1.000000E+0	8.302199E-4
9.500000E-1	4.010146E-4
9.000000E-1	1.317534E-4
8.500000E-1	2.904442E-5
8.000000E-1	5.587335E-6
7.500000E-1	1.286661E-6
7.000000E-1	4.757817E-7
6.500000E-1	2.835092E-7
6.000000E-1	2.110731E-7
5.500000E-1	1.669606E-7
5.000000E-1	1.331832E-7
4.500000E-1	1.058735E-7
4.000000E-1	8.715323E-8
3.500000E-1	6.378327E-8
3.000000E-1	4.782562E-8
2.500000E-1	3.493395E-8
2.000000E-1	2.454563E-8
1.500000E-1	1.630702E-8
1.000000E-1	0.000000E+0
5.000000E-2	0.000000E+0
0.000000E+0	0.000000E+0
-5.000000E-2	0.000000E+0
-1.000000E-1	0.000000E+0
-1.500000E-1	-3.150816E-9
-2.000000E-1	-5.345490E-9
-2.500000E-1	-8.847920E-9
-3.000000E-1	-5.921501E-8
-3.500000E-1	-8.078484E-8
-4.000000E-1	-1.074858E-7
-4.500000E-1	-1.393509E-7
-5.000000E-1	-1.782203E-7
