Voltage [V]	Current [A]
-5.000000E-1	-1.553208E-4
-4.500000E-1	-1.539507E-4
-4.000000E-1	-1.524241E-4
-3.500000E-1	-1.512387E-4
-3.000000E-1	-1.496255E-4
-2.500000E-1	-1.481423E-4
-2.000000E-1	-1.466520E-4
-1.500000E-1	-1.450314E-4
-1.000000E-1	-1.436283E-4
-5.000000E-2	-1.419913E-4
0.000000E+0	-1.404269E-4
5.000000E-2	-1.385236E-4
1.000000E-1	-1.369390E-4
1.500000E-1	-1.348194E-4
2.000000E-1	-1.329317E-4
2.500000E-1	-1.310456E-4
3.000000E-1	-1.290859E-4
3.500000E-1	-1.268220E-4
4.000000E-1	-1.243467E-4
4.500000E-1	-1.220329E-4
5.000000E-1	-1.192692E-4
5.500000E-1	-1.165335E-4
6.000000E-1	-1.132638E-4
6.500000E-1	-1.097513E-4
7.000000E-1	-1.051907E-4
7.500000E-1	-9.884056E-5
8.000000E-1	-8.723093E-5
8.500000E-1	-5.969654E-5
9.000000E-1	6.768896E-6
9.500000E-1	1.243399E-4
1.000000E+0	2.849496E-4
1.050000E+0	4.846666E-4
1.100000E+0	7.291836E-4
1.150000E+0	1.026393E-3
1.200000E+0	1.381086E-3
1.250000E+0	1.795123E-3
1.300000E+0	2.265625E-3
1.350000E+0	2.788303E-3
1.400000E+0	3.358165E-3
1.450000E+0	3.969017E-3
1.500000E+0	4.616481E-3
